Local Traces SrL in 1/s
Number of Frames 72 
FR= 54 Left Marker Time=0.186000 Right Marker Time=1.133000 ES Time=0.539000
Time (s) 		      RED    	     BLUE    	  MAGENTA    	    GREEN    	     CYAN    	   YELLOW    	  GLOBAL     	ECG : 
  0.000000		2.247651e-001 	4.113779e-002 	8.788410e-002 	2.368428e-001 	1.062300e-001 	-1.022175e-001 	1.008771e-001 	1.120000e+002
  0.019000		2.455167e-001 	8.171376e-002 	5.798120e-002 	2.113068e-001 	1.030667e-001 	-6.019120e-002 	9.527669e-002 	1.150000e+002
  0.037000		1.498235e-001 	1.439038e-001 	1.755808e-002 	1.472003e-001 	9.406892e-002 	-2.529210e-002 	7.121202e-002 	1.160000e+002
  0.056000		-3.621131e-002 	1.356656e-001 	5.321330e-003 	1.133010e-001 	6.487448e-002 	-7.133470e-002 	3.571736e-002 	1.170000e+002
  0.074000		-5.247987e-002 	6.889284e-002 	8.220754e-003 	1.209277e-001 	6.800773e-003 	-7.609955e-002 	2.866558e-002 	1.160000e+002
  0.093000		1.177451e-001 	5.163877e-002 	2.263122e-002 	1.147253e-001 	-7.319100e-003 	1.040548e-001 	8.862712e-002 	1.120000e+002
  0.111000		4.778062e-001 	1.320714e-001 	2.939944e-002 	1.514243e-001 	1.254680e-001 	3.575771e-001 	2.143861e-001 	1.080000e+002
  0.130000		8.312901e-001 	2.842778e-001 	3.868060e-002 	3.129304e-001 	3.824843e-001 	4.174904e-001 	3.528308e-001 	1.080000e+002
  0.149000		7.999940e-001 	4.150631e-001 	1.280841e-001 	5.910883e-001 	5.816523e-001 	2.484335e-001 	4.388032e-001 	1.120000e+002
  0.167000		4.783061e-001 	4.124306e-001 	3.281341e-001 	8.723447e-001 	5.695586e-001 	8.163343e-002 	4.460633e-001 	1.380000e+002
  0.186000		2.828368e-001 	2.988405e-001 	4.386241e-001 	9.098296e-001 	3.790654e-001 	6.576936e-002 	3.787536e-001 	1.980000e+002
  0.204000		2.155183e-001 	1.635563e-001 	3.713742e-001 	6.363749e-001 	1.154333e-001 	6.350926e-002 	2.526882e-001 	2.460000e+002
  0.223000		1.733743e-001 	6.716398e-002 	2.509085e-001 	2.999527e-001 	-1.994586e-001 	-7.598153e-002 	1.167948e-001 	2.380000e+002
  0.241000		2.177912e-001 	8.414219e-002 	2.780397e-001 	1.432240e-001 	-5.175791e-001 	-3.079021e-001 	4.086845e-002 	2.010000e+002
  0.260000		2.878458e-001 	1.979264e-001 	4.723300e-001 	1.951867e-001 	-6.306888e-001 	-4.759997e-001 	4.224862e-002 	1.640000e+002
  0.279000		2.993637e-001 	2.673371e-001 	4.738844e-001 	1.922226e-001 	-4.507750e-001 	-4.325910e-001 	5.353167e-002 	1.150000e+002
  0.297000		1.118542e-001 	1.771803e-001 	1.604967e-001 	-5.513824e-002 	-1.737465e-001 	-1.744428e-001 	1.683916e-003 	5.000000e+001
  0.316000		-1.563438e-001 	-3.961183e-002 	-3.111663e-001 	-3.895817e-001 	8.730449e-002 	1.291175e-001 	-1.070456e-001 	5.000000e+000
  0.334000		-3.250454e-001 	-1.888239e-001 	-6.707177e-001 	-6.254996e-001 	3.293229e-001 	3.128417e-001 	-2.213504e-001 	3.000000e+000
  0.353000		-4.460656e-001 	-2.644689e-001 	-9.163909e-001 	-7.552201e-001 	4.675623e-001 	2.603179e-001 	-3.214821e-001 	2.400000e+001
  0.371000		-5.579886e-001 	-3.891178e-001 	-1.071369e+000 	-7.411538e-001 	3.846161e-001 	9.615705e-002 	-3.970848e-001 	4.400000e+001
  0.390000		-5.947155e-001 	-5.066193e-001 	-9.894311e-001 	-6.536099e-001 	1.467232e-001 	3.301476e-002 	-4.216820e-001 	5.800000e+001
  0.409000		-3.831514e-001 	-5.790685e-001 	-8.328594e-001 	-3.572306e-001 	-4.865833e-002 	7.255645e-003 	-4.013459e-001 	6.700000e+001
  0.427000		-1.098606e-001 	-5.055432e-001 	-7.338089e-001 	-7.203410e-001 	-1.554142e-001 	6.501609e-003 	-3.891735e-001 	7.200000e+001
  0.446000		-5.046501e-002 	-4.102547e-001 	-6.719694e-001 	-1.104307e+000 	-2.292184e-001 	4.267070e-002 	-3.923121e-001 	7.400000e+001
  0.464000		-1.697324e-001 	-4.340171e-001 	-5.903841e-001 	-8.774819e-001 	-2.485947e-001 	9.042502e-002 	-3.921600e-001 	7.200000e+001
  0.483000		-5.129550e-001 	-4.577455e-001 	-4.494753e-001 	-8.934320e-001 	-2.031175e-001 	1.228737e-001 	-3.972080e-001 	6.900000e+001
  0.501000		-7.657061e-001 	-4.983077e-001 	-3.637560e-001 	-8.035382e-001 	-1.475371e-001 	1.760235e-001 	-3.916528e-001 	6.700000e+001
  0.520000		-7.490035e-001 	-5.847088e-001 	-4.301483e-001 	-7.033533e-001 	-4.847158e-002 	3.468026e-001 	-3.608234e-001 	7.000000e+001
  0.539000		-6.492395e-001 	-6.667779e-001 	-5.558897e-001 	-6.365215e-001 	1.474385e-001 	5.524886e-001 	-3.110760e-001 	8.400000e+001
  0.557000		-6.479344e-001 	-6.499750e-001 	-6.446658e-001 	-5.899590e-001 	4.182400e-001 	6.551535e-001 	-2.572219e-001 	1.070000e+002
  0.576000		-7.711735e-001 	-5.571009e-001 	-7.375922e-001 	-4.515308e-001 	6.981310e-001 	5.862209e-001 	-2.020781e-001 	1.350000e+002
  0.594000		-6.594916e-001 	-5.596321e-001 	-7.250492e-001 	-1.693161e-001 	9.049465e-001 	4.122461e-001 	-1.296770e-001 	1.580000e+002
  0.613000		-2.805044e-001 	-5.359692e-001 	-7.051912e-001 	2.184249e-001 	9.727428e-001 	2.218232e-001 	-3.867639e-002 	1.670000e+002
  0.631000		-3.350230e-002 	-3.930952e-001 	-6.769879e-001 	7.112791e-001 	8.469161e-001 	2.458474e-002 	4.775825e-002 	1.640000e+002
  0.650000		-9.279882e-002 	-2.481323e-001 	-2.804140e-001 	1.162391e+000 	4.889560e-001 	-1.983134e-001 	1.144337e-001 	1.560000e+002
  0.669000		-1.368095e-001 	-5.276056e-002 	4.678986e-001 	1.323634e+000 	-3.435544e-002 	-4.479379e-001 	1.680016e-001 	1.470000e+002
  0.687000		-3.256245e-002 	8.043820e-002 	1.308650e+000 	1.247757e+000 	-5.727696e-001 	-6.660605e-001 	2.166900e-001 	1.370000e+002
  0.706000		1.231706e-001 	1.307436e-001 	1.937275e+000 	1.117529e+000 	-9.654789e-001 	-8.167450e-001 	2.564760e-001 	1.310000e+002
  0.724000		3.366970e-001 	3.319355e-001 	1.994687e+000 	8.289407e-001 	-1.123675e+000 	-8.757081e-001 	2.720624e-001 	1.270000e+002
  0.743000		7.404248e-001 	5.749226e-001 	1.499089e+000 	3.538686e-001 	-1.081417e+000 	-7.612762e-001 	2.484993e-001 	1.240000e+002
  0.761000		1.152790e+000 	6.554654e-001 	7.343500e-001 	-2.176891e-001 	-9.134649e-001 	-4.569603e-001 	1.801208e-001 	1.220000e+002
  0.780000		1.179238e+000 	5.940956e-001 	3.343991e-002 	-7.412146e-001 	-6.442286e-001 	-5.393794e-002 	8.275074e-002 	1.220000e+002
  0.799000		8.200747e-001 	4.008402e-001 	-3.416118e-001 	-9.652892e-001 	-2.927695e-001 	2.285280e-001 	-8.004259e-003 	1.220000e+002
  0.817000		3.383064e-001 	1.807751e-001 	-4.026162e-001 	-8.446364e-001 	1.434924e-002 	2.691339e-001 	-5.831769e-002 	1.230000e+002
  0.836000		3.359171e-002 	6.330645e-002 	-2.841058e-001 	-5.623946e-001 	1.628458e-001 	2.366766e-001 	-5.037049e-002 	1.220000e+002
  0.854000		-4.027257e-002 	8.509772e-002 	-1.235465e-001 	-2.437869e-001 	1.938745e-001 	1.755082e-001 	4.834292e-003 	1.200000e+002
  0.873000		-2.026725e-002 	1.742680e-001 	6.510326e-002 	7.485575e-002 	1.547875e-001 	3.733244e-002 	7.587304e-002 	1.200000e+002
  0.891000		2.628121e-002 	2.557200e-001 	2.090998e-001 	3.203219e-001 	8.225256e-002 	-7.809784e-002 	1.350698e-001 	1.210000e+002
  0.910000		7.710603e-002 	3.025762e-001 	2.698072e-001 	4.436437e-001 	4.501588e-002 	-1.203768e-001 	1.686793e-001 	1.220000e+002
  0.929000		1.033084e-001 	3.193701e-001 	2.649314e-001 	4.439288e-001 	4.266544e-002 	-1.376404e-001 	1.730848e-001 	1.210000e+002
  0.947000		1.131335e-001 	2.981157e-001 	2.162315e-001 	3.780280e-001 	4.343460e-002 	-1.454392e-001 	1.552695e-001 	1.200000e+002
  0.966000		1.243433e-001 	2.581855e-001 	1.553987e-001 	2.910395e-001 	2.998705e-002 	-1.204194e-001 	1.298349e-001 	1.210000e+002
  0.984000		1.721295e-001 	2.132155e-001 	9.924362e-002 	1.935386e-001 	1.229347e-002 	-6.093584e-002 	1.095708e-001 	1.210000e+002
  1.003000		2.313023e-001 	1.440856e-001 	7.600992e-002 	1.221803e-001 	3.584355e-003 	1.507778e-002 	1.006764e-001 	1.220000e+002
  1.021000		2.790685e-001 	1.287221e-001 	8.748041e-002 	9.513077e-002 	-8.627777e-003 	5.934986e-002 	1.081556e-001 	1.240000e+002
  1.040000		3.120427e-001 	1.806181e-001 	8.207077e-002 	1.104850e-001 	1.024311e-002 	9.205604e-002 	1.433876e-001 	1.220000e+002
  1.059000		2.851377e-001 	2.635101e-001 	9.422680e-002 	1.908107e-001 	1.410787e-001 	2.528110e-001 	2.209290e-001 	1.160000e+002
  1.077000		2.042041e-001 	3.857992e-001 	2.215359e-001 	3.776501e-001 	3.776915e-001 	4.137667e-001 	3.306467e-001 	1.130000e+002
  1.096000		1.748676e-001 	4.436563e-001 	4.281501e-001 	7.106996e-001 	5.477197e-001 	3.307756e-001 	4.244241e-001 	1.140000e+002
  1.114000		1.723962e-001 	3.721793e-001 	6.176991e-001 	1.041928e+000 	5.180161e-001 	1.057899e-001 	4.472438e-001 	1.230000e+002
  1.133000		1.227630e-001 	2.577181e-001 	6.492578e-001 	1.041641e+000 	3.438452e-001 	-7.997662e-002 	3.727063e-001 	1.610000e+002
  1.151000		5.096761e-002 	1.863624e-001 	5.263827e-001 	6.572864e-001 	1.079647e-001 	-2.279117e-001 	2.271393e-001 	2.220000e+002
  1.170000		6.512808e-002 	1.878916e-001 	3.936223e-001 	1.944345e-001 	-1.889853e-001 	-3.829520e-001 	8.304284e-002 	2.550000e+002
  1.189000		1.911365e-001 	2.458602e-001 	3.645052e-001 	-9.904091e-002 	-5.089173e-001 	-4.888214e-001 	7.519556e-003 	2.330000e+002
  1.207000		3.345001e-001 	3.506915e-001 	4.462275e-001 	-2.099779e-001 	-6.700383e-001 	-4.450603e-001 	8.455767e-003 	1.950000e+002
  1.226000		4.151035e-001 	3.912724e-001 	3.724192e-001 	-2.764083e-001 	-5.520102e-001 	-2.364564e-001 	2.240493e-002 	1.560000e+002
  1.244000		2.835211e-001 	2.483339e-001 	4.500092e-002 	-3.967222e-001 	-2.826463e-001 	-6.847256e-003 	-1.970044e-002 	1.000000e+002
  1.263000		6.774934e-003 	1.794564e-002 	-3.372528e-001 	-5.504328e-001 	-5.275944e-003 	1.699174e-001 	-1.166650e-001 	3.700000e+001
  1.281000		-1.276311e-001 	-1.706281e-001 	-7.426762e-001 	-7.506009e-001 	2.715170e-001 	3.725561e-001 	-2.247358e-001 	4.000000e+000
  1.300000		-2.649039e-001 	-3.887667e-001 	-1.176990e+000 	-9.395848e-001 	5.592328e-001 	5.501594e-001 	-3.108610e-001 	1.200000e+001
  1.319000		-4.093317e-001 	-5.341141e-001 	-1.405562e+000 	-1.017959e+000 	6.993840e-001 	6.067926e-001 	-3.466862e-001 	3.300000e+001
