Local Traces SL in %
Number of Frames 64 
FR= 48 Left Marker Time=0.189000 Right Marker Time=1.134000 ES Time=0.546000
Time (s) 		      RED    	     BLUE    	  MAGENTA    	    GREEN    	     CYAN    	   YELLOW    	  GLOBAL     	ECG : 
  0.000000		-5.275053e+000 	-5.035738e+000 	-3.991172e+000 	-2.757648e+000 	-4.056960e+000 	-4.061316e+000 	-4.145234e+000 	1.110000e+002
  0.021000		-4.908001e+000 	-4.980223e+000 	-3.903176e+000 	-2.637561e+000 	-4.013393e+000 	-4.049731e+000 	-4.063508e+000 	1.120000e+002
  0.042000		-5.005132e+000 	-4.800240e+000 	-3.788431e+000 	-2.564544e+000 	-3.951945e+000 	-4.022251e+000 	-4.006132e+000 	1.130000e+002
  0.063000		-4.905777e+000 	-4.732939e+000 	-3.776561e+000 	-2.549345e+000 	-3.929773e+000 	-3.969900e+000 	-3.955596e+000 	1.130000e+002
  0.084000		-4.525862e+000 	-4.606351e+000 	-3.769073e+000 	-2.574578e+000 	-3.989386e+000 	-3.764858e+000 	-3.832228e+000 	1.110000e+002
  0.105000		-3.740442e+000 	-4.348822e+000 	-3.680967e+000 	-2.611066e+000 	-3.978725e+000 	-3.145055e+000 	-3.510187e+000 	1.080000e+002
  0.126000		-2.504678e+000 	-3.734391e+000 	-3.392406e+000 	-2.543656e+000 	-3.561701e+000 	-2.025722e+000 	-2.883223e+000 	1.060000e+002
  0.147000		-1.507662e+000 	-2.516723e+000 	-2.612926e+000 	-2.158982e+000 	-2.561443e+000 	-8.149754e-001 	-1.966331e+000 	1.090000e+002
  0.168000		-7.211581e-001 	-9.921193e-001 	-1.315912e+000 	-1.304615e+000 	-1.225150e+000 	-9.295684e-002 	-9.249757e-001 	1.430000e+002
  0.189000		0.000000e+000 	0.000000e+000 	0.000000e+000 	0.000000e+000 	0.000000e+000 	0.000000e+000 	0.000000e+000 	2.150000e+002
  0.210000		3.324552e-001 	3.567086e-001 	1.000583e+000 	1.562219e+000 	7.701533e-001 	-2.917855e-001 	6.371528e-001 	2.500000e+002
  0.231000		2.875492e-001 	3.311045e-001 	1.738317e+000 	2.960656e+000 	9.014002e-001 	-6.920851e-001 	9.446883e-001 	2.120000e+002
  0.252000		1.205034e-001 	1.289505e-001 	2.216975e+000 	3.851011e+000 	4.252913e-001 	-1.093596e+000 	9.727056e-001 	1.610000e+002
  0.273000		-7.401045e-002 	-6.274538e-002 	2.562877e+000 	4.023877e+000 	-3.750287e-001 	-1.497775e+000 	8.246363e-001 	1.120000e+002
  0.294000		-1.445888e-002 	1.281675e-002 	2.810233e+000 	3.617323e+000 	-1.181811e+000 	-2.044178e+000 	6.227185e-001 	4.600000e+001
  0.315000		2.401828e-001 	2.960751e-001 	3.070123e+000 	3.141356e+000 	-1.775598e+000 	-2.875309e+000 	4.523913e-001 	3.000000e+000
  0.336000		6.196068e-001 	4.339202e-001 	3.063940e+000 	2.785338e+000 	-1.952493e+000 	-3.472487e+000 	3.278979e-001 	1.200000e+001
  0.357000		7.206128e-001 	-6.449234e-002 	2.565059e+000 	2.454879e+000 	-1.508087e+000 	-3.353702e+000 	1.979867e-001 	3.500000e+001
  0.378000		4.806107e-001 	-9.672826e-001 	1.482261e+000 	2.104425e+000 	-4.706026e-001 	-2.776931e+000 	-5.710475e-003 	5.200000e+001
  0.399000		2.442461e-001 	-2.194490e+000 	-1.431816e-001 	1.672154e+000 	7.561700e-001 	-2.180606e+000 	-3.464133e-001 	6.400000e+001
  0.420000		5.729972e-002 	-3.483737e+000 	-1.937016e+000 	9.675840e-001 	1.558706e+000 	-1.757536e+000 	-8.666365e-001 	6.900000e+001
  0.441000		-8.185628e-001 	-4.473607e+000 	-3.313428e+000 	-2.560986e-001 	1.737743e+000 	-1.593269e+000 	-1.571082e+000 	7.100000e+001
  0.462000		-2.065739e+000 	-5.357029e+000 	-4.524790e+000 	-1.749517e+000 	1.472393e+000 	-1.627773e+000 	-2.406200e+000 	7.100000e+001
  0.483000		-3.457796e+000 	-5.975138e+000 	-5.633166e+000 	-3.292749e+000 	9.568525e-001 	-1.752895e+000 	-3.284254e+000 	6.700000e+001
  0.504000		-4.993214e+000 	-6.504075e+000 	-6.549788e+000 	-4.689851e+000 	2.813191e-001 	-1.869607e+000 	-4.137488e+000 	6.500000e+001
  0.525000		-6.543492e+000 	-7.052200e+000 	-7.272268e+000 	-5.870448e+000 	-4.673162e-001 	-1.930993e+000 	-4.920847e+000 	7.300000e+001
  0.546000		-7.790065e+000 	-7.743529e+000 	-7.941926e+000 	-6.825905e+000 	-1.113338e+000 	-1.825436e+000 	-5.596893e+000 	9.400000e+001
  0.567000		-8.789269e+000 	-8.535011e+000 	-8.651128e+000 	-7.626853e+000 	-1.402307e+000 	-1.427205e+000 	-6.136736e+000 	1.240000e+002
  0.588000		-9.653882e+000 	-9.236479e+000 	-9.439092e+000 	-8.391454e+000 	-1.106503e+000 	-7.317807e-001 	-6.521016e+000 	1.460000e+002
  0.609000		-1.059746e+001 	-9.957245e+000 	-1.022257e+001 	-8.914538e+000 	-1.758462e-001 	1.556557e-001 	-6.724621e+000 	1.550000e+002
  0.630000		-1.141180e+001 	-1.061323e+001 	-1.090673e+001 	-8.688965e+000 	1.154797e+000 	9.490808e-001 	-6.685087e+000 	1.510000e+002
  0.651000		-1.176861e+001 	-1.106872e+001 	-1.093899e+001 	-7.223623e+000 	2.326202e+000 	1.239727e+000 	-6.329238e+000 	1.390000e+002
  0.672000		-1.167284e+001 	-1.104549e+001 	-9.576296e+000 	-4.696738e+000 	2.815395e+000 	9.565560e-001 	-5.664387e+000 	1.310000e+002
  0.693000		-1.119944e+001 	-1.049372e+001 	-7.039492e+000 	-1.924674e+000 	2.363219e+000 	2.024992e-001 	-4.855014e+000 	1.260000e+002
  0.714000		-1.060499e+001 	-9.688766e+000 	-4.087272e+000 	2.392694e-001 	1.041960e+000 	-8.186633e-001 	-4.144521e+000 	1.210000e+002
  0.735000		-1.011355e+001 	-8.873056e+000 	-1.559257e+000 	1.220638e+000 	-7.635842e-001 	-1.846674e+000 	-3.684027e+000 	1.170000e+002
  0.756000		-9.392996e+000 	-7.852037e+000 	2.869870e-001 	1.063972e+000 	-2.494749e+000 	-2.548040e+000 	-3.465441e+000 	1.160000e+002
  0.777000		-8.692463e+000 	-6.970194e+000 	1.109616e+000 	-8.089523e-002 	-3.716075e+000 	-2.645963e+000 	-3.442097e+000 	1.140000e+002
  0.798000		-8.190232e+000 	-6.358368e+000 	1.058190e+000 	-1.812603e+000 	-4.257366e+000 	-2.388253e+000 	-3.542013e+000 	1.140000e+002
  0.819000		-7.906882e+000 	-5.982948e+000 	6.963904e-001 	-3.399149e+000 	-4.212896e+000 	-2.029057e+000 	-3.653558e+000 	1.130000e+002
  0.840000		-7.773838e+000 	-5.735498e+000 	4.069538e-001 	-4.386488e+000 	-3.903038e+000 	-1.597523e+000 	-3.692436e+000 	1.120000e+002
  0.861000		-7.759058e+000 	-5.531859e+000 	2.670804e-001 	-4.731864e+000 	-3.594542e+000 	-1.312326e+000 	-3.651003e+000 	1.110000e+002
  0.882000		-7.765442e+000 	-5.285376e+000 	1.907037e-001 	-4.557455e+000 	-3.355873e+000 	-1.348321e+000 	-3.562850e+000 	1.110000e+002
  0.903000		-7.658438e+000 	-5.006925e+000 	9.681006e-002 	-4.104741e+000 	-3.215386e+000 	-1.593474e+000 	-3.462210e+000 	1.120000e+002
  0.924000		-7.430981e+000 	-4.758998e+000 	-6.022240e-002 	-3.624154e+000 	-3.178497e+000 	-1.882947e+000 	-3.369000e+000 	1.110000e+002
  0.945000		-7.143212e+000 	-4.559686e+000 	-2.252106e-001 	-3.209138e+000 	-3.210868e+000 	-2.103698e+000 	-3.282832e+000 	1.110000e+002
  0.966000		-6.959930e+000 	-4.338888e+000 	-2.858646e-001 	-2.862988e+000 	-3.235603e+000 	-2.215392e+000 	-3.198533e+000 	1.120000e+002
  0.987000		-6.957767e+000 	-4.093530e+000 	-2.324526e-001 	-2.629797e+000 	-3.230467e+000 	-2.295727e+000 	-3.126921e+000 	1.120000e+002
  1.008000		-6.956823e+000 	-3.819009e+000 	-1.617331e-001 	-2.502530e+000 	-3.195997e+000 	-2.455784e+000 	-3.082386e+000 	1.120000e+002
  1.029000		-6.935381e+000 	-3.543963e+000 	-1.205097e-001 	-2.416205e+000 	-3.200125e+000 	-2.688140e+000 	-3.052079e+000 	1.130000e+002
  1.050000		-6.758557e+000 	-3.254239e+000 	-1.704857e-001 	-2.309942e+000 	-3.262924e+000 	-2.812254e+000 	-2.950203e+000 	1.120000e+002
  1.071000		-5.915972e+000 	-2.839728e+000 	-3.492121e-001 	-2.149939e+000 	-3.181895e+000 	-2.496122e+000 	-2.616812e+000 	1.090000e+002
  1.092000		-4.088761e+000 	-2.141932e+000 	-4.759463e-001 	-1.808256e+000 	-2.559181e+000 	-1.538196e+000 	-1.934670e+000 	1.060000e+002
  1.113000		-1.874185e+000 	-1.127703e+000 	-3.414083e-001 	-1.104263e+000 	-1.353258e+000 	-5.052052e-001 	-9.817255e-001 	1.070000e+002
  1.134000		-1.548415e-008 	-1.423359e-008 	-2.967226e-008 	-7.958079e-009 	-1.492140e-011 	-2.279421e-009 	-7.275958e-010 	1.260000e+002
  1.155000		1.093079e+000 	9.239191e-001 	3.909013e-001 	1.330623e+000 	9.937033e-001 	-1.205105e-001 	7.790019e-001 	1.950000e+002
  1.176000		2.011287e+000 	1.559893e+000 	6.511502e-001 	2.590595e+000 	1.414903e+000 	-7.171829e-001 	1.252357e+000 	2.520000e+002
  1.197000		2.442556e+000 	1.865016e+000 	9.331599e-001 	3.637943e+000 	1.207676e+000 	-1.647834e+000 	1.423872e+000 	2.290000e+002
  1.218000		2.136102e+000 	1.877165e+000 	1.572610e+000 	4.312718e+000 	4.460675e-001 	-2.524728e+000 	1.389671e+000 	1.790000e+002
  1.239000		1.599291e+000 	1.888001e+000 	2.465571e+000 	4.449001e+000 	-4.993077e-001 	-2.872216e+000 	1.279014e+000 	1.350000e+002
  1.260000		9.346690e-001 	1.901613e+000 	3.200455e+000 	4.295444e+000 	-1.274540e+000 	-2.726174e+000 	1.141437e+000 	6.600000e+001
  1.281000		6.772525e-002 	1.617249e+000 	3.498624e+000 	4.167685e+000 	-1.756177e+000 	-2.534787e+000 	9.631691e-001 	9.000000e+000
  1.302000		2.564393e-003 	1.141175e+000 	2.960157e+000 	3.776123e+000 	-1.756962e+000 	-2.405402e+000 	7.739414e-001 	4.000000e+000
  1.323000		1.669652e+000 	6.169894e-001 	1.348904e+000 	2.953254e+000 	-1.117640e+000 	-2.073001e+000 	6.182885e-001 	2.600000e+001
