Local Traces SrL in 1/s
Number of Frames 58 
FR= 48 Left Marker Time=0.168000 Right Marker Time=1.029000 ES Time=0.504000
Time (s) 		   YELLOW    	     CYAN    	    GREEN    	  MAGENTA    	     BLUE    	      RED    	  GLOBAL     	ECG : 
  0.000000		5.578064e-001 	1.205281e-001 	-2.832054e-001 	-1.395174e-001 	1.142850e-001 	7.581342e-002 	4.296505e-002 	8.900000e+001
  0.021000		4.055872e-001 	7.780454e-002 	-2.148938e-001 	-6.821149e-002 	9.182037e-002 	2.742976e-002 	3.739730e-002 	9.000000e+001
  0.042000		1.015516e-001 	5.778772e-003 	-4.435027e-002 	5.764127e-002 	5.493565e-002 	-1.022285e-002 	3.500002e-002 	8.800000e+001
  0.063000		-4.558675e-002 	-2.955429e-002 	1.010460e-001 	1.382141e-001 	5.720090e-002 	5.472779e-002 	5.961448e-002 	8.200000e+001
  0.084000		1.757556e-003 	-3.371858e-003 	1.851103e-001 	1.922913e-001 	1.104355e-001 	1.516239e-001 	1.116756e-001 	7.500000e+001
  0.105000		-4.046186e-002 	1.377695e-001 	2.840361e-001 	2.187629e-001 	1.731213e-001 	1.987499e-001 	1.608944e-001 	7.100000e+001
  0.126000		-1.548726e-001 	2.770732e-001 	3.272384e-001 	2.036641e-001 	2.148683e-001 	1.966257e-001 	1.685452e-001 	8.200000e+001
  0.147000		-9.008331e-002 	2.770283e-001 	1.942439e-001 	7.572427e-002 	1.796834e-001 	1.238781e-001 	1.181528e-001 	1.650000e+002
  0.168000		1.389486e-001 	2.625203e-001 	-5.060036e-002 	-1.776373e-001 	2.192511e-002 	-2.682279e-002 	4.327127e-002 	2.530000e+002
  0.189000		5.359553e-001 	3.466567e-001 	-2.505751e-001 	-3.850774e-001 	-1.785163e-001 	-1.165143e-001 	9.983665e-003 	1.350000e+002
  0.210000		9.293357e-001 	4.966808e-001 	-2.647661e-001 	-4.470125e-001 	-2.697057e-001 	-7.984946e-002 	4.161120e-002 	1.300000e+001
  0.231000		8.671927e-001 	4.868958e-001 	-5.764685e-002 	-2.954390e-001 	-2.257839e-001 	-4.401859e-003 	9.078668e-002 	5.000000e+000
  0.252000		5.483333e-001 	3.099957e-001 	2.701248e-002 	-1.305148e-001 	-1.148246e-001 	5.157989e-002 	1.113273e-001 	2.600000e+001
  0.273000		5.235470e-001 	1.966897e-001 	-5.239545e-002 	-6.487657e-002 	-2.116317e-002 	4.520394e-002 	1.132391e-001 	4.100000e+001
  0.294000		5.825141e-001 	1.334404e-001 	7.204482e-003 	1.975253e-003 	-1.609903e-002 	2.926495e-003 	1.137711e-001 	5.000000e+001
  0.315000		4.664178e-001 	6.350172e-002 	1.025645e-001 	3.655521e-002 	-1.781180e-002 	2.077265e-002 	1.013303e-001 	5.700000e+001
  0.336000		2.714263e-001 	-9.811840e-003 	4.942345e-002 	1.142828e-002 	1.446806e-002 	7.850695e-002 	5.576221e-002 	6.300000e+001
  0.357000		1.105904e-001 	-7.463628e-002 	-1.288089e-001 	-9.040561e-002 	-1.123192e-002 	6.216439e-002 	-2.817044e-002 	6.700000e+001
  0.378000		-5.290538e-002 	-1.785085e-001 	-2.435443e-001 	-1.459861e-001 	-1.072583e-001 	-7.721862e-002 	-1.284359e-001 	6.900000e+001
  0.399000		-3.114902e-001 	-3.317776e-001 	-2.336017e-001 	-1.269188e-001 	-2.000102e-001 	-1.210447e-001 	-2.092104e-001 	7.100000e+001
  0.420000		-4.773656e-001 	-4.083335e-001 	-2.354245e-001 	-1.538638e-001 	-1.954598e-001 	-3.575050e-002 	-2.491848e-001 	7.600000e+001
  0.441000		-4.543262e-001 	-3.971473e-001 	-2.752299e-001 	-2.147281e-001 	-1.396624e-001 	-2.713331e-002 	-2.523027e-001 	8.700000e+001
  0.462000		-3.451540e-001 	-3.584557e-001 	-2.929617e-001 	-2.462683e-001 	-1.004562e-001 	-2.030695e-002 	-2.267597e-001 	9.700000e+001
  0.483000		-3.165122e-001 	-3.164762e-001 	-2.803121e-001 	-2.165365e-001 	-1.767211e-002 	4.794745e-002 	-1.747728e-001 	9.300000e+001
  0.504000		-3.691107e-001 	-3.028388e-001 	-1.917842e-001 	-6.494683e-003 	1.191886e-001 	1.111459e-001 	-9.869560e-002 	8.400000e+001
  0.525000		-4.181898e-001 	-3.035897e-001 	5.947262e-002 	3.680967e-001 	1.646374e-001 	2.956500e-002 	-1.475861e-002 	7.800000e+001
  0.546000		-3.842892e-001 	-2.635398e-001 	3.751570e-001 	6.962359e-001 	5.686273e-002 	-1.891974e-001 	5.072849e-002 	7.700000e+001
  0.567000		-3.257404e-001 	-2.007661e-001 	5.593235e-001 	8.143411e-001 	-7.320641e-002 	-3.010201e-001 	7.379201e-002 	7.700000e+001
  0.588000		-3.284053e-001 	-1.301086e-001 	5.018857e-001 	6.110675e-001 	-1.419255e-001 	-2.262900e-001 	3.794771e-002 	7.800000e+001
  0.609000		-3.972392e-001 	-3.277757e-002 	1.999700e-001 	1.453861e-001 	-1.545885e-001 	-8.662296e-002 	-4.431471e-002 	7.800000e+001
  0.630000		-3.922106e-001 	1.026699e-001 	-1.434673e-001 	-2.176458e-001 	-1.513843e-001 	-8.543611e-002 	-1.199456e-001 	7.800000e+001
  0.651000		-2.339030e-001 	2.076494e-001 	-2.809268e-001 	-3.265640e-001 	-1.649234e-001 	-1.543183e-001 	-1.384133e-001 	7.900000e+001
  0.672000		-1.863525e-001 	1.658755e-001 	-9.347867e-002 	-1.765837e-001 	-1.344897e-001 	-1.458929e-001 	-9.990324e-002 	8.000000e+001
  0.693000		-5.926848e-001 	-6.550705e-003 	3.439365e-001 	1.721891e-001 	-1.161082e-002 	-1.672178e-001 	-4.635863e-002 	8.000000e+001
  0.714000		-1.078282e+000 	-1.834678e-001 	6.088926e-001 	4.189511e-001 	1.802817e-001 	-1.987235e-001 	-4.415165e-003 	8.000000e+001
  0.735000		-8.749491e-001 	-1.851098e-001 	4.441682e-001 	3.798708e-001 	3.072877e-001 	-8.858237e-002 	3.392989e-002 	8.000000e+001
  0.756000		-6.182132e-002 	-7.988651e-003 	7.864614e-002 	1.698377e-001 	2.673217e-001 	-1.265582e-002 	6.711659e-002 	8.000000e+001
  0.777000		5.645181e-001 	1.433446e-001 	-1.847886e-001 	-4.878491e-002 	1.489858e-001 	-2.113032e-003 	7.884281e-002 	8.000000e+001
  0.798000		7.306082e-001 	1.707400e-001 	-2.453226e-001 	-2.188526e-001 	3.794637e-002 	6.205062e-002 	6.807589e-002 	8.000000e+001
  0.819000		6.682865e-001 	1.394304e-001 	-1.946882e-001 	-2.847848e-001 	-2.726897e-002 	8.934140e-002 	4.808386e-002 	8.100000e+001
  0.840000		5.139567e-001 	1.494915e-001 	-1.804693e-001 	-3.016242e-001 	-9.574747e-003 	8.878907e-002 	2.990259e-002 	8.100000e+001
  0.861000		4.120806e-001 	1.266988e-001 	-1.826403e-001 	-2.153470e-001 	1.599613e-002 	1.217064e-002 	1.861681e-002 	8.100000e+001
  0.882000		3.202075e-001 	4.316881e-002 	-1.115638e-001 	-4.570485e-002 	-1.747617e-002 	-2.141690e-002 	1.749589e-002 	8.600000e+001
  0.903000		1.689654e-001 	-1.156926e-002 	-2.753873e-002 	5.686420e-002 	-2.254391e-002 	2.940458e-002 	2.877150e-002 	9.000000e+001
  0.924000		6.251324e-002 	-4.619497e-002 	4.072206e-002 	8.512451e-002 	3.265894e-002 	1.044121e-001 	5.836240e-002 	8.800000e+001
  0.945000		1.150781e-001 	-7.477065e-002 	1.240207e-001 	1.004359e-001 	1.097790e-001 	2.589480e-001 	1.058904e-001 	8.200000e+001
  0.966000		8.213138e-002 	-3.377704e-002 	2.393159e-001 	1.500860e-001 	1.640436e-001 	3.352536e-001 	1.442528e-001 	7.500000e+001
  0.987000		-1.807639e-001 	9.306395e-002 	3.216950e-001 	2.254442e-001 	2.158558e-001 	2.020659e-001 	1.437037e-001 	7.100000e+001
  1.008000		-3.313470e-001 	1.526351e-001 	2.326352e-001 	1.762316e-001 	2.043469e-001 	1.273997e-001 	1.057100e-001 	8.400000e+001
  1.029000		-2.363046e-002 	1.791747e-001 	-3.627013e-002 	-5.595862e-002 	9.581134e-002 	1.517251e-001 	6.033197e-002 	1.670000e+002
  1.050000		5.490561e-001 	3.272924e-001 	-3.346313e-001 	-4.092667e-001 	-3.166047e-002 	1.458254e-001 	3.999525e-002 	2.540000e+002
  1.071000		9.463194e-001 	5.438717e-001 	-4.823816e-001 	-7.041249e-001 	-8.593118e-002 	1.796333e-001 	5.930551e-002 	1.320000e+002
  1.092000		1.043026e+000 	5.807957e-001 	-3.409359e-001 	-6.703860e-001 	-8.056949e-002 	2.000940e-001 	1.017127e-001 	1.300000e+001
  1.113000		9.901247e-001 	4.658596e-001 	-1.832130e-001 	-5.034976e-001 	-7.157209e-002 	1.714738e-001 	1.300320e-001 	5.000000e+000
  1.134000		9.253682e-001 	3.672175e-001 	-1.944348e-001 	-3.694881e-001 	-5.591001e-002 	1.095844e-001 	1.260029e-001 	2.500000e+001
  1.155000		7.942772e-001 	2.500556e-001 	-1.466123e-001 	-1.993901e-001 	-6.628157e-002 	2.223123e-002 	9.393862e-002 	4.000000e+001
  1.176000		3.625194e-001 	9.848857e-002 	-4.436231e-002 	-6.600836e-002 	-6.315603e-002 	-4.730229e-002 	4.910474e-002 	5.000000e+001
  1.197000		2.836884e-002 	1.418697e-002 	-3.792548e-003 	-1.848803e-002 	-4.771993e-002 	-6.533556e-002 	2.633222e-002 	5.700000e+001
