Local Traces SrL in 1/s
Number of Frames 61 
FR= 59 Left Marker Time=0.135000 Right Marker Time=0.879000 ES Time=0.558000
Time (s) 		      RED    	     BLUE    	  MAGENTA    	    GREEN    	     CYAN    	   YELLOW    	  GLOBAL     	ECG : 
  0.000000		1.354414e-001 	2.204404e-001 	2.793688e-001 	3.161951e-001 	2.157094e-001 	1.210075e-001 	2.469682e-001 	8.600000e+001
  0.017000		2.286920e-001 	2.575577e-001 	2.890314e-001 	3.788446e-001 	2.654065e-001 	1.608778e-001 	2.726800e-001 	8.000000e+001
  0.034000		3.252906e-001 	2.909391e-001 	3.014458e-001 	5.128346e-001 	4.099054e-001 	2.601796e-001 	3.403899e-001 	7.700000e+001
  0.051000		3.547602e-001 	3.016024e-001 	3.220162e-001 	6.265743e-001 	5.913855e-001 	3.683835e-001 	4.318279e-001 	7.500000e+001
  0.068000		4.982420e-001 	3.621485e-001 	3.547595e-001 	6.986719e-001 	7.343449e-001 	4.750053e-001 	5.319568e-001 	7.400000e+001
  0.084000		7.251284e-001 	4.484627e-001 	4.306836e-001 	8.047380e-001 	7.735305e-001 	5.387932e-001 	6.003954e-001 	7.400000e+001
  0.101000		5.960864e-001 	4.433084e-001 	5.493339e-001 	8.700981e-001 	6.673550e-001 	4.571983e-001 	5.642927e-001 	8.700000e+001
  0.118000		1.698312e-001 	3.219089e-001 	5.441024e-001 	7.293624e-001 	4.350829e-001 	2.186385e-001 	3.858069e-001 	1.460000e+002
  0.135000		-6.176469e-002 	2.339935e-001 	3.578206e-001 	2.491343e-001 	-1.057160e-002 	-1.486209e-001 	9.755964e-002 	2.370000e+002
  0.152000		1.988187e-002 	2.274697e-001 	8.211426e-002 	-5.040031e-001 	-7.292237e-001 	-5.518871e-001 	-2.217761e-001 	2.250000e+002
  0.169000		1.105481e-001 	1.810838e-001 	-1.866533e-001 	-1.133765e+000 	-1.352437e+000 	-8.431952e-001 	-4.691752e-001 	1.060000e+002
  0.186000		1.407474e-001 	7.755018e-002 	-4.109677e-001 	-1.352568e+000 	-1.357346e+000 	-8.362247e-001 	-5.609857e-001 	1.800000e+001
  0.203000		1.053094e-001 	-1.305513e-001 	-5.659123e-001 	-1.099096e+000 	-8.000898e-001 	-5.487916e-001 	-5.034378e-001 	1.000000e+000
  0.220000		-1.375582e-001 	-4.246494e-001 	-6.252565e-001 	-6.050324e-001 	-1.600631e-001 	-2.030477e-001 	-3.735616e-001 	1.400000e+001
  0.237000		-4.053533e-001 	-6.160357e-001 	-5.656787e-001 	-1.499524e-001 	2.864500e-001 	1.330683e-001 	-2.300449e-001 	3.000000e+001
  0.253000		-5.373573e-001 	-6.615998e-001 	-3.633910e-001 	2.808872e-001 	4.902995e-001 	3.727856e-001 	-1.136202e-001 	4.100000e+001
  0.270000		-6.382998e-001 	-6.661466e-001 	-1.833155e-001 	5.086752e-001 	4.632733e-001 	4.025844e-001 	-7.760251e-002 	4.800000e+001
  0.287000		-8.966823e-001 	-7.418530e-001 	-1.635487e-001 	4.226929e-001 	3.256952e-001 	3.292278e-001 	-1.311975e-001 	5.200000e+001
  0.304000		-1.066528e+000 	-8.285088e-001 	-2.224459e-001 	2.973667e-001 	1.740358e-001 	2.862455e-001 	-2.091249e-001 	5.600000e+001
  0.321000		-9.552156e-001 	-8.021916e-001 	-2.923341e-001 	2.016731e-001 	6.306398e-002 	2.152824e-001 	-2.573172e-001 	6.000000e+001
  0.338000		-6.258664e-001 	-6.556057e-001 	-4.239990e-001 	2.848696e-002 	8.615353e-003 	4.289834e-002 	-2.871815e-001 	6.200000e+001
  0.355000		-2.953578e-001 	-4.863437e-001 	-6.010310e-001 	-2.590464e-001 	-1.038611e-001 	-1.419233e-001 	-3.380078e-001 	6.200000e+001
  0.372000		-3.527975e-001 	-4.566016e-001 	-6.335038e-001 	-4.936027e-001 	-2.984475e-001 	-2.514623e-001 	-4.188884e-001 	6.000000e+001
  0.389000		-5.390615e-001 	-5.690618e-001 	-6.342055e-001 	-5.807895e-001 	-4.547838e-001 	-2.976624e-001 	-4.924618e-001 	5.800000e+001
  0.406000		-6.148459e-001 	-6.751800e-001 	-5.942898e-001 	-5.510752e-001 	-4.945070e-001 	-2.433964e-001 	-5.166433e-001 	5.600000e+001
  0.422000		-5.752744e-001 	-6.662805e-001 	-5.053222e-001 	-4.708136e-001 	-4.505432e-001 	-2.034674e-001 	-4.937819e-001 	5.400000e+001
  0.439000		-5.435052e-001 	-5.841378e-001 	-4.275388e-001 	-4.147264e-001 	-4.108536e-001 	-2.652688e-001 	-4.517072e-001 	6.000000e+001
  0.456000		-5.663723e-001 	-5.423534e-001 	-3.489370e-001 	-3.089183e-001 	-3.274009e-001 	-2.640867e-001 	-3.861840e-001 	7.600000e+001
  0.473000		-5.957823e-001 	-5.451444e-001 	-2.252222e-001 	-8.142090e-002 	-1.329050e-001 	-1.565335e-001 	-2.645641e-001 	9.300000e+001
  0.490000		-6.200615e-001 	-4.972801e-001 	2.565996e-002 	2.650432e-001 	1.647156e-001 	7.038347e-002 	-7.343948e-002 	1.010000e+002
  0.507000		-4.816170e-001 	-2.663465e-001 	2.898845e-001 	5.619526e-001 	4.546888e-001 	3.499205e-001 	1.350304e-001 	1.010000e+002
  0.524000		-3.144627e-001 	5.309147e-003 	5.319640e-001 	6.665506e-001 	4.570688e-001 	3.987019e-001 	2.600169e-001 	9.900000e+001
  0.541000		-1.494242e-001 	1.947442e-001 	6.686602e-001 	5.291647e-001 	1.834749e-001 	1.251229e-001 	2.530255e-001 	9.500000e+001
  0.558000		2.149679e-001 	4.475236e-001 	5.618240e-001 	1.114458e-001 	-1.831093e-001 	-2.527406e-001 	1.606388e-001 	9.000000e+001
  0.575000		6.787407e-001 	7.209097e-001 	3.355779e-001 	-3.992872e-001 	-5.480732e-001 	-5.174385e-001 	6.780139e-002 	8.800000e+001
  0.591000		9.637835e-001 	1.022819e+000 	2.670677e-001 	-7.947341e-001 	-8.048202e-001 	-5.659019e-001 	3.201021e-002 	8.500000e+001
  0.608000		1.273620e+000 	1.227198e+000 	7.249235e-002 	-1.136871e+000 	-8.259023e-001 	-3.393539e-001 	4.493310e-002 	8.200000e+001
  0.625000		1.551538e+000 	1.199349e+000 	-3.880951e-001 	-1.456871e+000 	-5.956553e-001 	3.632655e-002 	6.033671e-002 	8.100000e+001
  0.642000		1.503931e+000 	9.773143e-001 	-9.005939e-001 	-1.528653e+000 	-1.987289e-001 	3.712482e-001 	5.958813e-002 	8.300000e+001
  0.659000		9.620197e-001 	5.352048e-001 	-9.491833e-001 	-1.058941e+000 	1.844758e-001 	5.103520e-001 	7.368516e-002 	8.400000e+001
  0.676000		3.102414e-001 	1.399105e-001 	-4.337637e-001 	-1.944542e-001 	4.825000e-001 	4.276532e-001 	1.485591e-001 	8.100000e+001
  0.693000		3.549842e-002 	1.307762e-002 	1.891890e-001 	6.547700e-001 	6.390703e-001 	2.805007e-001 	2.822442e-001 	8.200000e+001
  0.710000		-7.346043e-002 	9.727012e-002 	7.433057e-001 	1.218511e+000 	6.326308e-001 	1.378582e-001 	4.127331e-001 	8.700000e+001
  0.727000		-1.356294e-001 	2.226773e-001 	9.976668e-001 	1.397836e+000 	6.063219e-001 	1.394423e-002 	4.809599e-001 	8.800000e+001
  0.744000		-5.378777e-002 	3.073292e-001 	9.808607e-001 	1.238714e+000 	5.200525e-001 	-5.676129e-003 	4.829525e-001 	8.700000e+001
  0.760000		8.625398e-002 	3.406936e-001 	8.011852e-001 	9.576602e-001 	4.706914e-001 	1.081796e-001 	4.585519e-001 	8.500000e+001
  0.777000		1.477405e-001 	2.946483e-001 	5.607335e-001 	7.846272e-001 	5.727541e-001 	3.149318e-001 	4.587622e-001 	8.100000e+001
  0.794000		2.812209e-001 	2.738857e-001 	3.999667e-001 	7.509453e-001 	7.531174e-001 	5.196839e-001 	5.194684e-001 	7.600000e+001
  0.811000		6.411978e-001 	3.805816e-001 	3.715838e-001 	8.131920e-001 	8.922237e-001 	6.664299e-001 	6.223619e-001 	7.300000e+001
  0.828000		9.085173e-001 	5.490709e-001 	4.937222e-001 	8.975872e-001 	8.600611e-001 	5.598789e-001 	6.783458e-001 	7.200000e+001
  0.845000		7.971137e-001 	5.866481e-001 	6.136494e-001 	8.675571e-001 	6.222829e-001 	2.681883e-001 	5.943633e-001 	7.600000e+001
  0.862000		4.211695e-001 	4.448703e-001 	5.667349e-001 	5.939066e-001 	1.957415e-001 	1.804460e-002 	3.461549e-001 	1.080000e+002
  0.879000		1.203445e-001 	2.998206e-001 	3.435494e-001 	8.661535e-003 	-4.441619e-001 	-4.426816e-001 	-8.795635e-003 	1.950000e+002
  0.896000		6.334824e-002 	2.405834e-001 	3.696065e-002 	-7.313414e-001 	-1.123368e+000 	-9.237431e-001 	-3.454659e-001 	2.550000e+002
  0.913000		7.722779e-002 	1.899641e-001 	-1.857844e-001 	-1.185105e+000 	-1.496761e+000 	-1.125272e+000 	-5.406174e-001 	1.750000e+002
  0.929000		2.221856e-002 	1.139212e-001 	-2.985060e-001 	-1.236296e+000 	-1.350304e+000 	-8.447992e-001 	-5.596348e-001 	5.500000e+001
  0.946000		-9.727561e-002 	-1.239939e-002 	-4.086175e-001 	-1.085657e+000 	-8.239536e-001 	-3.821231e-001 	-4.736859e-001 	2.000000e+000
  0.963000		-3.148566e-001 	-2.411457e-001 	-5.142957e-001 	-7.840517e-001 	-2.149918e-001 	-8.722735e-002 	-3.699966e-001 	5.000000e+000
  0.980000		-5.944954e-001 	-5.263571e-001 	-5.426508e-001 	-3.609430e-001 	2.568313e-001 	1.163252e-001 	-2.773898e-001 	2.200000e+001
  0.997000		-7.902448e-001 	-7.940072e-001 	-5.276541e-001 	1.310067e-001 	6.328044e-001 	4.281157e-001 	-1.981131e-001 	3.500000e+001
  1.014000		-8.537155e-001 	-9.281048e-001 	-5.311423e-001 	3.848120e-001 	8.380964e-001 	7.038335e-001 	-1.623346e-001 	4.300000e+001
