Local Traces SrL in 1/s
Number of Frames 47 
FR= 55 Left Marker Time=0.109000 Right Marker Time=0.730000 ES Time=0.474000
Time (s) 		      RED    	     BLUE    	  MAGENTA    	    GREEN    	     CYAN    	   YELLOW    	  GLOBAL     	ECG : 
  0.000000		6.942891e-003 	-1.456685e-001 	1.247218e-002 	2.754782e-001 	4.489827e-001 	2.750960e-001 	1.012119e-001 	6.600000e+001
  0.018000		-6.936221e-002 	-2.203714e-002 	2.570538e-002 	1.860442e-001 	3.080292e-001 	2.380242e-001 	8.782685e-002 	6.800000e+001
  0.036000		-7.001355e-002 	2.466877e-002 	1.767792e-002 	5.551647e-002 	1.012666e-001 	1.459613e-001 	5.890902e-002 	6.900000e+001
  0.055000		1.564293e-001 	-4.426896e-002 	-4.596544e-003 	1.456788e-002 	-1.423021e-003 	4.750438e-002 	3.804228e-002 	6.700000e+001
  0.073000		1.707138e-001 	7.635952e-002 	1.104540e-002 	2.477451e-002 	-4.322709e-002 	-7.431838e-003 	2.386262e-002 	7.400000e+001
  0.091000		-7.389052e-002 	1.373739e-001 	5.620143e-002 	-1.504693e-002 	-7.338591e-002 	-2.651572e-002 	-8.210153e-003 	1.300000e+002
  0.109000		-1.829732e-001 	1.712106e-002 	3.991604e-002 	-6.502431e-002 	-1.036115e-001 	-7.004884e-002 	-5.055466e-002 	2.310000e+002
  0.128000		-1.530515e-001 	-7.463744e-002 	-4.430474e-002 	-4.556578e-002 	-8.415255e-002 	-1.434667e-001 	-5.936109e-002 	2.290000e+002
  0.146000		1.766386e-001 	-2.003802e-002 	-1.038810e-001 	2.771455e-002 	8.934349e-003 	-1.785424e-001 	-7.465444e-003 	8.800000e+001
  0.164000		5.235734e-001 	7.428561e-002 	-1.161769e-001 	9.848757e-002 	1.206148e-001 	-1.366352e-001 	6.411054e-002 	1.000000e+000
  0.182000		5.159799e-001 	9.649625e-002 	-7.303583e-002 	9.001335e-002 	1.285524e-001 	-8.877203e-002 	8.972810e-002 	1.300000e+001
  0.201000		3.299260e-001 	7.371883e-002 	-3.406253e-002 	3.997543e-003 	1.856771e-002 	-4.484933e-002 	5.522460e-002 	3.300000e+001
  0.219000		1.336504e-001 	4.030650e-003 	-6.269950e-002 	-1.019631e-001 	-1.013109e-001 	-6.376706e-003 	-5.923716e-003 	4.800000e+001
  0.237000		1.291877e-001 	-2.452206e-002 	-1.000793e-001 	-1.738095e-001 	-1.857469e-001 	-4.232446e-002 	-5.491617e-002 	5.700000e+001
  0.255000		1.667504e-001 	-1.883211e-002 	-9.642435e-002 	-1.953485e-001 	-2.368296e-001 	-1.395209e-001 	-8.550647e-002 	6.200000e+001
  0.274000		1.492150e-001 	-3.262996e-002 	-8.007373e-002 	-2.090780e-001 	-2.835329e-001 	-2.334962e-001 	-1.136424e-001 	6.600000e+001
  0.292000		7.080358e-002 	-5.035715e-002 	-5.088139e-002 	-2.341079e-001 	-3.423296e-001 	-2.941394e-001 	-1.507977e-001 	7.100000e+001
  0.310000		-1.200940e-001 	-6.328617e-002 	-5.174848e-002 	-2.780446e-001 	-3.950172e-001 	-3.155365e-001 	-1.946270e-001 	7.500000e+001
  0.328000		-2.820074e-001 	-8.665032e-002 	-8.532043e-002 	-3.229719e-001 	-3.997969e-001 	-2.878610e-001 	-2.245512e-001 	7.600000e+001
  0.347000		-3.444435e-001 	-9.615229e-002 	-8.079348e-002 	-3.101036e-001 	-3.599891e-001 	-2.219982e-001 	-2.202179e-001 	7.600000e+001
  0.365000		-3.157073e-001 	-6.370737e-002 	-6.644339e-002 	-2.586744e-001 	-2.896914e-001 	-1.456616e-001 	-1.837576e-001 	7.600000e+001
  0.383000		-2.969150e-001 	-3.662140e-002 	-6.162700e-002 	-1.943775e-001 	-1.936668e-001 	-5.803644e-002 	-1.346383e-001 	8.100000e+001
  0.401000		-3.451319e-001 	-2.865268e-002 	1.536475e-002 	-9.049575e-002 	-1.056945e-001 	1.591482e-002 	-9.265080e-002 	8.700000e+001
  0.420000		-4.592981e-001 	-6.755172e-002 	1.346715e-001 	5.359635e-002 	-2.298327e-002 	5.926117e-003 	-7.304564e-002 	9.000000e+001
  0.438000		-6.951189e-001 	-1.605698e-001 	2.402945e-001 	2.123618e-001 	4.619226e-002 	-7.090964e-002 	-6.995213e-002 	8.700000e+001
  0.456000		-8.707245e-001 	-1.674413e-001 	3.774102e-001 	3.188466e-001 	7.423676e-002 	-1.236186e-001 	-4.482776e-002 	8.400000e+001
  0.474000		-7.215620e-001 	-4.349982e-002 	5.017419e-001 	3.115225e-001 	7.057162e-002 	-4.105777e-002 	3.553426e-002 	8.600000e+001
  0.493000		-2.551646e-001 	8.233313e-002 	4.550485e-001 	2.829571e-001 	1.684413e-001 	1.684662e-001 	1.610435e-001 	9.700000e+001
  0.511000		1.918899e-001 	1.637374e-001 	3.893314e-001 	3.298233e-001 	3.375317e-001 	3.595520e-001 	2.823546e-001 	1.090000e+002
  0.529000		3.518533e-001 	2.574154e-001 	4.063556e-001 	3.763143e-001 	4.103063e-001 	4.202751e-001 	3.389318e-001 	1.110000e+002
  0.547000		3.186987e-001 	2.271959e-001 	2.779893e-001 	3.016265e-001 	3.739415e-001 	4.098580e-001 	3.039619e-001 	9.900000e+001
  0.566000		4.411497e-001 	1.007244e-001 	-1.367257e-001 	1.226440e-001 	3.429586e-001 	3.883023e-001 	2.162974e-001 	7.500000e+001
  0.584000		5.784477e-001 	1.742924e-002 	-4.836870e-001 	3.264912e-002 	3.781471e-001 	3.160690e-001 	1.370464e-001 	6.100000e+001
  0.602000		4.966501e-001 	-5.930428e-002 	-4.415908e-001 	6.352469e-002 	3.818855e-001 	2.456644e-001 	8.421613e-002 	6.200000e+001
  0.620000		1.741865e-001 	-1.451226e-001 	-1.940846e-001 	7.647856e-002 	2.726428e-001 	1.883804e-001 	3.738228e-002 	6.500000e+001
  0.639000		-1.632023e-001 	-1.651918e-001 	-6.115688e-003 	4.361708e-002 	9.859927e-002 	1.036324e-001 	-4.181776e-003 	6.600000e+001
  0.657000		-2.015477e-001 	-5.730287e-002 	2.316360e-002 	2.153957e-002 	4.958879e-003 	4.960504e-002 	-1.887651e-002 	6.900000e+001
  0.675000		-7.400852e-002 	1.823350e-002 	-9.441378e-003 	2.252718e-002 	-1.714365e-002 	1.999919e-002 	-1.307631e-002 	6.900000e+001
  0.693000		4.893955e-002 	6.861412e-002 	-5.624583e-002 	-3.761505e-002 	-5.209303e-002 	-6.293151e-003 	-1.248423e-002 	7.200000e+001
  0.712000		1.305378e-001 	6.867954e-002 	-8.407945e-002 	-1.218566e-001 	-9.685628e-002 	-3.325193e-002 	-2.778470e-002 	1.110000e+002
  0.730000		1.642296e-001 	7.114698e-003 	-1.406799e-001 	-1.590896e-001 	-1.191118e-001 	-7.980930e-002 	-4.437366e-002 	1.950000e+002
  0.748000		2.476882e-001 	1.361688e-002 	-2.508006e-001 	-1.490258e-001 	-5.953394e-002 	-9.768543e-002 	-3.244263e-002 	2.520000e+002
  0.766000		4.614894e-001 	7.118083e-002 	-3.608978e-001 	-8.206514e-002 	7.500848e-002 	-6.734790e-002 	1.364905e-002 	1.370000e+002
  0.785000		5.720495e-001 	1.019171e-001 	-3.447793e-001 	1.530179e-002 	1.619789e-001 	-2.548306e-002 	5.591942e-002 	1.200000e+001
  0.803000		4.771507e-001 	7.771809e-002 	-2.226907e-001 	8.426913e-002 	1.276475e-001 	-4.281592e-002 	5.042432e-002 	5.000000e+000
  0.821000		1.750855e-001 	-4.067179e-002 	-1.250391e-001 	7.845041e-002 	-9.411061e-003 	-1.468106e-001 	1.670111e-003 	2.800000e+001
  0.839000		-3.497275e-002 	-1.400647e-001 	-8.397943e-002 	5.140149e-002 	-1.050565e-001 	-2.159839e-001 	-2.844906e-002 	4.300000e+001
